{
 "cells": [
  {
   "cell_type": "markdown",
   "id": "ffdacf7c",
   "metadata": {},
   "source": [
    "# Machine Learning - Assignment 3"
   ]
  },
  {
   "cell_type": "markdown",
   "id": "e9c52340",
   "metadata": {},
   "source": [
    "Arne Huckemann (ahuckema), Elise Wolf (eliwolf)"
   ]
  },
  {
   "cell_type": "code",
   "execution_count": 41,
   "id": "37fba92c",
   "metadata": {
    "collapsed": false
   },
   "outputs": [],
   "source": [
    "import numpy as np\n",
    "from numpy.linalg import svd, matrix_rank\n",
    "import pandas as pd\n",
    "import matplotlib.pyplot as plt\n",
    "from IPython import get_ipython\n",
    "from util import (\n",
    "    svdcomp,\n",
    "    nextplot,\n",
    "    plot_matrix,\n",
    "    plot_xy,\n",
    "    plot_cov,\n",
    "    match_categories,\n",
    ")  # see util.py\n",
    "from sklearn.cluster import KMeans\n",
    "\n",
    "# setup plotting\n",
    "import psutil\n",
    "inTerminal = not \"IPKernelApp\" in get_ipython().config\n",
    "inJupyterNb = any(filter(lambda x: x.endswith(\"jupyter-notebook\"), psutil.Process().parent().cmdline()))\n",
    "inJupyterLab = any(filter(lambda x: x.endswith(\"jupyter-lab\"), psutil.Process().parent().cmdline()))\n",
    "if not inJupyterLab:\n",
    "    from IPython import get_ipython\n",
    "    get_ipython().run_line_magic(\"matplotlib\", \"\" if inTerminal else \"notebook\" if inJupyterNb else \"widget\")"
   ]
  },
  {
   "cell_type": "markdown",
   "id": "5a9cc66d",
   "metadata": {},
   "source": [
    "# 1 Intuition on SVD"
   ]
  },
  {
   "cell_type": "code",
   "execution_count": 42,
   "id": "d6d29e9e",
   "metadata": {
    "collapsed": false
   },
   "outputs": [],
   "source": [
    "M1 = np.array(\n",
    "    [\n",
    "        [1, 1, 1, 0, 0],\n",
    "        [1, 1, 1, 0, 0],\n",
    "        [1, 1, 1, 0, 0],\n",
    "        [0, 0, 0, 0, 0],\n",
    "        [0, 0, 0, 0, 0],\n",
    "    ]\n",
    ")\n",
    "\n",
    "M2 = np.array(\n",
    "    [\n",
    "        [0, 0, 0, 0, 0],\n",
    "        [0, 2, 1, 2, 0],\n",
    "        [0, 2, 1, 2, 0],\n",
    "        [0, 2, 1, 2, 0],\n",
    "        [0, 0, 0, 0, 0],\n",
    "    ]\n",
    ")\n",
    "\n",
    "M3 = np.array([[0, 0, 0, 0], [0, 1, 1, 1], [0, 1, 1, 1], [0, 1, 1, 1], [0, 1, 1, 1]])\n",
    "\n",
    "M4 = np.array(\n",
    "    [\n",
    "        [1, 1, 1, 0, 0],\n",
    "        [1, 1, 1, 0, 0],\n",
    "        [1, 1, 1, 0, 0],\n",
    "        [0, 0, 0, 1, 1],\n",
    "        [0, 0, 0, 1, 1],\n",
    "    ]\n",
    ")\n",
    "\n",
    "M5 = np.array(\n",
    "    [\n",
    "        [1, 1, 1, 0, 0],\n",
    "        [1, 1, 1, 0, 0],\n",
    "        [1, 1, 1, 1, 1],\n",
    "        [0, 0, 1, 1, 1],\n",
    "        [0, 0, 1, 1, 1],\n",
    "    ]\n",
    ")\n",
    "\n",
    "M6 = np.array(\n",
    "    [\n",
    "        [1, 1, 1, 1, 1],\n",
    "        [1, 1, 1, 1, 1],\n",
    "        [1, 1, 0, 1, 1],\n",
    "        [1, 1, 1, 1, 1],\n",
    "        [1, 1, 1, 1, 1],\n",
    "    ]\n",
    ")"
   ]
  },
  {
   "cell_type": "markdown",
   "id": "65cefde2",
   "metadata": {},
   "source": [
    "## 1b"
   ]
  },
  {
   "cell_type": "code",
   "execution_count": 43,
   "id": "61107037",
   "metadata": {
    "collapsed": false
   },
   "outputs": [
    {
     "name": "stdout",
     "output_type": "stream",
     "text": [
      "SVD of M1:\n",
      "U1: [[-5.77350269e-01  8.16496581e-01 -8.75605293e-17  0.00000000e+00\n",
      "   0.00000000e+00]\n",
      " [-5.77350269e-01 -4.08248290e-01 -7.07106781e-01  0.00000000e+00\n",
      "   0.00000000e+00]\n",
      " [-5.77350269e-01 -4.08248290e-01  7.07106781e-01  0.00000000e+00\n",
      "   0.00000000e+00]\n",
      " [ 0.00000000e+00  0.00000000e+00  0.00000000e+00  0.00000000e+00\n",
      "   1.00000000e+00]\n",
      " [ 0.00000000e+00  0.00000000e+00  0.00000000e+00  1.00000000e+00\n",
      "   0.00000000e+00]]\n",
      "S1: [[3.00000000e+00 0.00000000e+00 0.00000000e+00 0.00000000e+00\n",
      "  0.00000000e+00]\n",
      " [0.00000000e+00 1.33801123e-16 0.00000000e+00 0.00000000e+00\n",
      "  0.00000000e+00]\n",
      " [0.00000000e+00 0.00000000e+00 1.31940794e-49 0.00000000e+00\n",
      "  0.00000000e+00]\n",
      " [0.00000000e+00 0.00000000e+00 0.00000000e+00 0.00000000e+00\n",
      "  0.00000000e+00]\n",
      " [0.00000000e+00 0.00000000e+00 0.00000000e+00 0.00000000e+00\n",
      "  0.00000000e+00]]\n",
      "V1: [[-0.57735027  0.81649658 -0.          0.          0.        ]\n",
      " [-0.57735027 -0.40824829  0.70710678  0.          0.        ]\n",
      " [-0.57735027 -0.40824829 -0.70710678  0.          0.        ]\n",
      " [-0.          0.         -0.          0.          1.        ]\n",
      " [-0.          0.         -0.          1.          0.        ]]\n",
      "\n",
      "SVD of M2:\n",
      "U2: [[ 0.00000000e+00  0.00000000e+00  0.00000000e+00  0.00000000e+00\n",
      "   1.00000000e+00]\n",
      " [-5.77350269e-01  8.16496581e-01  8.75605293e-17  0.00000000e+00\n",
      "   0.00000000e+00]\n",
      " [-5.77350269e-01 -4.08248290e-01 -7.07106781e-01  0.00000000e+00\n",
      "   0.00000000e+00]\n",
      " [-5.77350269e-01 -4.08248290e-01  7.07106781e-01  0.00000000e+00\n",
      "   0.00000000e+00]\n",
      " [ 0.00000000e+00  0.00000000e+00  0.00000000e+00  1.00000000e+00\n",
      "   0.00000000e+00]]\n",
      "S2: [[5.19615242e+00 0.00000000e+00 0.00000000e+00 0.00000000e+00\n",
      "  0.00000000e+00]\n",
      " [0.00000000e+00 2.44286311e-16 0.00000000e+00 0.00000000e+00\n",
      "  0.00000000e+00]\n",
      " [0.00000000e+00 0.00000000e+00 7.15081846e-48 0.00000000e+00\n",
      "  0.00000000e+00]\n",
      " [0.00000000e+00 0.00000000e+00 0.00000000e+00 0.00000000e+00\n",
      "  0.00000000e+00]\n",
      " [0.00000000e+00 0.00000000e+00 0.00000000e+00 0.00000000e+00\n",
      "  0.00000000e+00]]\n",
      "V2: [[-0.          0.         -0.          0.          1.        ]\n",
      " [-0.66666667  0.74535599 -0.          0.          0.        ]\n",
      " [-0.33333333 -0.2981424   0.89442719  0.          0.        ]\n",
      " [-0.66666667 -0.59628479 -0.4472136   0.          0.        ]\n",
      " [-0.          0.         -0.          1.          0.        ]]\n",
      "\n",
      "SVD of M3:\n",
      "U3: [[ 0.          0.          0.          1.          0.        ]\n",
      " [-0.5        -0.5        -0.5         0.         -0.5       ]\n",
      " [-0.5         0.83333333 -0.16666667  0.         -0.16666667]\n",
      " [-0.5        -0.16666667  0.83333333  0.         -0.16666667]\n",
      " [-0.5        -0.16666667 -0.16666667  0.          0.83333333]]\n",
      "S3: [[3.46410162 0.         0.         0.        ]\n",
      " [0.         0.         0.         0.        ]\n",
      " [0.         0.         0.         0.        ]\n",
      " [0.         0.         0.         0.        ]]\n",
      "V3: [[-0.          0.          0.          1.        ]\n",
      " [-0.57735027  0.81649658  0.          0.        ]\n",
      " [-0.57735027 -0.40824829 -0.70710678  0.        ]\n",
      " [-0.57735027 -0.40824829  0.70710678  0.        ]]\n",
      "\n",
      "SVD of M4:\n",
      "U4: [[-5.77350269e-01  0.00000000e+00  8.16496581e-01  0.00000000e+00\n",
      "  -8.75605293e-17]\n",
      " [-5.77350269e-01  0.00000000e+00 -4.08248290e-01  0.00000000e+00\n",
      "  -7.07106781e-01]\n",
      " [-5.77350269e-01  0.00000000e+00 -4.08248290e-01  0.00000000e+00\n",
      "   7.07106781e-01]\n",
      " [ 0.00000000e+00 -7.07106781e-01  0.00000000e+00 -7.07106781e-01\n",
      "   0.00000000e+00]\n",
      " [ 0.00000000e+00 -7.07106781e-01  0.00000000e+00  7.07106781e-01\n",
      "   0.00000000e+00]]\n",
      "S4: [[3.00000000e+00 0.00000000e+00 0.00000000e+00 0.00000000e+00\n",
      "  0.00000000e+00]\n",
      " [0.00000000e+00 2.00000000e+00 0.00000000e+00 0.00000000e+00\n",
      "  0.00000000e+00]\n",
      " [0.00000000e+00 0.00000000e+00 1.33801123e-16 0.00000000e+00\n",
      "  0.00000000e+00]\n",
      " [0.00000000e+00 0.00000000e+00 0.00000000e+00 1.43493693e-17\n",
      "  0.00000000e+00]\n",
      " [0.00000000e+00 0.00000000e+00 0.00000000e+00 0.00000000e+00\n",
      "  1.31940794e-49]]\n",
      "V4: [[-0.57735027 -0.          0.81649658  0.         -0.        ]\n",
      " [-0.57735027 -0.         -0.40824829  0.          0.70710678]\n",
      " [-0.57735027 -0.         -0.40824829  0.         -0.70710678]\n",
      " [-0.         -0.70710678  0.         -0.70710678 -0.        ]\n",
      " [-0.         -0.70710678  0.          0.70710678 -0.        ]]\n",
      "\n",
      "SVD of M5:\n",
      "U5: [[-3.94102719e-01 -5.00000000e-01  3.07706105e-01  7.07106781e-01\n",
      "  -6.90381060e-17]\n",
      " [-3.94102719e-01 -5.00000000e-01  3.07706105e-01 -7.07106781e-01\n",
      "   9.22184114e-17]\n",
      " [-6.15412209e-01 -4.37175683e-17 -7.88205438e-01 -1.51090987e-17\n",
      "  -2.31803054e-17]\n",
      " [-3.94102719e-01  5.00000000e-01  3.07706105e-01 -1.81051444e-16\n",
      "  -7.07106781e-01]\n",
      " [-3.94102719e-01  5.00000000e-01  3.07706105e-01  4.09931606e-17\n",
      "   7.07106781e-01]]\n",
      "S5: [[3.56155281e+00 0.00000000e+00 0.00000000e+00 0.00000000e+00\n",
      "  0.00000000e+00]\n",
      " [0.00000000e+00 2.00000000e+00 0.00000000e+00 0.00000000e+00\n",
      "  0.00000000e+00]\n",
      " [0.00000000e+00 0.00000000e+00 5.61552813e-01 0.00000000e+00\n",
      "  0.00000000e+00]\n",
      " [0.00000000e+00 0.00000000e+00 0.00000000e+00 1.46139661e-17\n",
      "  0.00000000e+00]\n",
      " [0.00000000e+00 0.00000000e+00 0.00000000e+00 0.00000000e+00\n",
      "  4.64495594e-49]]\n",
      "V5: [[-3.94102719e-01 -5.00000000e-01 -3.07706105e-01 -7.07106781e-01\n",
      "  -0.00000000e+00]\n",
      " [-3.94102719e-01 -5.00000000e-01 -3.07706105e-01  7.07106781e-01\n",
      "  -2.31872909e-17]\n",
      " [-6.15412209e-01 -1.63976402e-17  7.88205438e-01  1.20459692e-16\n",
      "   6.60128332e-17]\n",
      " [-3.94102719e-01  5.00000000e-01 -3.07706105e-01 -1.12092159e-16\n",
      "   7.07106781e-01]\n",
      " [-3.94102719e-01  5.00000000e-01 -3.07706105e-01 -1.12092159e-16\n",
      "  -7.07106781e-01]]\n",
      "\n",
      "SVD of M6:\n",
      "U6: [[-4.61939766e-01 -1.91341716e-01  8.57093429e-01  1.24059883e-01\n",
      "   4.14729722e-17]\n",
      " [-4.61939766e-01 -1.91341716e-01 -4.02662589e-01  7.66722140e-01\n",
      "   7.69039490e-17]\n",
      " [-3.82683432e-01  9.23879533e-01 -1.55954879e-16 -2.97505904e-17\n",
      "   9.89839760e-18]\n",
      " [-4.61939766e-01 -1.91341716e-01 -2.27215420e-01 -4.45391011e-01\n",
      "  -7.07106781e-01]\n",
      " [-4.61939766e-01 -1.91341716e-01 -2.27215420e-01 -4.45391011e-01\n",
      "   7.07106781e-01]]\n",
      "S6: [[4.82842712e+00 0.00000000e+00 0.00000000e+00 0.00000000e+00\n",
      "  0.00000000e+00]\n",
      " [0.00000000e+00 8.28427125e-01 0.00000000e+00 0.00000000e+00\n",
      "  0.00000000e+00]\n",
      " [0.00000000e+00 0.00000000e+00 1.90057833e-16 0.00000000e+00\n",
      "  0.00000000e+00]\n",
      " [0.00000000e+00 0.00000000e+00 0.00000000e+00 5.82050373e-19\n",
      "  0.00000000e+00]\n",
      " [0.00000000e+00 0.00000000e+00 0.00000000e+00 0.00000000e+00\n",
      "  2.10408590e-51]]\n",
      "V6: [[-4.61939766e-01  1.91341716e-01  8.65999615e-01  6.68331181e-03\n",
      "  -0.00000000e+00]\n",
      " [-4.61939766e-01  1.91341716e-01 -2.94967625e-01  8.14244497e-01\n",
      "   4.23034501e-17]\n",
      " [-3.82683432e-01 -9.23879533e-01  8.53379562e-17 -3.02617043e-18\n",
      "  -2.06215842e-18]\n",
      " [-4.61939766e-01  1.91341716e-01 -2.85515995e-01 -4.10463904e-01\n",
      "   7.07106781e-01]\n",
      " [-4.61939766e-01  1.91341716e-01 -2.85515995e-01 -4.10463904e-01\n",
      "  -7.07106781e-01]]\n"
     ]
    }
   ],
   "source": [
    "U1, s1, V1 = np.linalg.svd(M1)\n",
    "U2, s2, V2 = np.linalg.svd(M2)\n",
    "U3, s3, V3 = np.linalg.svd(M3)\n",
    "U4, s4, V4 = np.linalg.svd(M4)\n",
    "U5, s5, V5 = np.linalg.svd(M5)\n",
    "U6, s6, V6 = np.linalg.svd(M6)\n",
    "\n",
    "# Create diagonal matrices for each si\n",
    "S1 = np.diag(s1)\n",
    "S2 = np.diag(s2)\n",
    "S3 = np.diag(s3)\n",
    "S4 = np.diag(s4)\n",
    "S5 = np.diag(s5)\n",
    "S6 = np.diag(s6)\n",
    "\n",
    "# Print the results\n",
    "print(\"SVD of M1:\")\n",
    "print(\"U1:\", U1)\n",
    "print(\"S1:\", S1)\n",
    "print(\"V1:\", V1.T) # here we have to transpose again, since numpy gives V^T\n",
    "\n",
    "print(\"\\nSVD of M2:\")\n",
    "print(\"U2:\", U2)\n",
    "print(\"S2:\", S2)\n",
    "print(\"V2:\", V2.T)\n",
    "\n",
    "print(\"\\nSVD of M3:\")\n",
    "print(\"U3:\", U3)\n",
    "print(\"S3:\", S3)\n",
    "print(\"V3:\", V3.T)\n",
    "\n",
    "print(\"\\nSVD of M4:\")\n",
    "print(\"U4:\", U4)\n",
    "print(\"S4:\", S4)\n",
    "print(\"V4:\", V4.T)\n",
    "\n",
    "print(\"\\nSVD of M5:\")\n",
    "print(\"U5:\", U5)\n",
    "print(\"S5:\", S5)\n",
    "print(\"V5:\", V5.T)\n",
    "\n",
    "print(\"\\nSVD of M6:\")\n",
    "print(\"U6:\", U6)\n",
    "print(\"S6:\", S6)\n",
    "print(\"V6:\", V6.T)"
   ]
  },
  {
   "cell_type": "markdown",
   "id": "ffb87714",
   "metadata": {},
   "source": [
    "### Analysis of SVD Results vs. Expected Properties\n",
    "\n",
    "**Matrix M1 (3x3 Block of Ones)**\n",
    "- **Expected Structure**: Rank-1, with a single, large singular value (σ₁ = 3) representing the entire matrix pattern, as it has a uniform structure in its non-zero block.\n",
    "- **Observed Results**:\n",
    "  - **Singular Value Distribution**: The SVD results show that only the first singular value is non-zero (3.0), with all others close to zero. This aligns with expectations for a perfect rank-1 structure.\n",
    "  - **Matrix Representation**: The SVD decomposes the matrix with a single significant component, indicating that the SVD efficiently represents the repeated pattern with one mode of variation.\n",
    "- **Interpretation**: The strong match between expected and calculated results highlights SVD’s ability to capture repeated structures with minimal components. This matrix serves as an ideal case for rank-1 SVD, demonstrating that if a pattern is consistently replicated, the SVD provides an optimal representation with the minimum required rank.\n",
    "\n",
    "**Matrix M2 (Central 3×5 Pattern)**\n",
    "- **Expected Structure**: Rank-1, with a single high-magnitude singular value (σ₁ ≈ 5.2) due to the repetition of the central pattern vertically.\n",
    "- **Observed Results**:\n",
    "  - **Singular Value Distribution**: The single significant singular value (close to 5.2) matches well with the expected structure, confirming the matrix’s rank-1 nature.\n",
    "  - **Approximation Characteristics**: The dominant singular value indicates that the central pattern has a single, dominant structure that can be expressed in one dimension.\n",
    "- **Interpretation**: The agreement here shows that SVD identifies consistent patterns across matrix rows, even if they are limited to specific blocks within the matrix. It reinforces that SVD captures major structural elements and ignores spatial positioning, focusing instead on repeated patterns.\n",
    "\n",
    "**Matrix M3 (4×4 Repeated Row Pattern)**\n",
    "- **Expected Structure**: Rank-1 due to the row-wise repetition, with a single dominant singular value (σ₁ ≈ 3.46) representing the repeated rows.\n",
    "- **Observed Results**:\n",
    "  - **Singular Value Distribution**: The singular value distribution reflects a single significant value around 3.46, validating that the row repetitions dominate the structure.\n",
    "  - **Row vs. Column Dominance**: The decomposition shows that the dominant pattern is row-oriented, as SVD treats the matrix as having a single mode of variation aligned with the rows.\n",
    "- **Interpretation**: This case demonstrates that SVD captures directionality in repeated row structures, where rank-1 accurately models consistent row values without distinguishing individual positions within the rows.\n",
    "\n",
    "**Matrix M4 (Two Distinct Blocks)**\n",
    "- **Expected Structure**: Rank-2 due to the two disjoint blocks, expecting two prominent singular values.\n",
    "- **Observed Results**:\n",
    "  - **Singular Values**: The results show two notable singular values, representing each block, with σ₁ (larger block) and σ₂ (smaller block). The first component captures most of the information due to the size of the larger block.\n",
    "  - **Rank-1 Approximation**: While rank-2 is required for full reconstruction, the rank-1 approximation will predominantly reflect the larger block, with diminished representation of the smaller block.\n",
    "- **Interpretation**: SVD efficiently separates two structurally independent blocks, where the larger block contributes most to the rank-1 approximation. This suggests that SVD prioritizes based on the spatial extent or energy of sub-patterns, making it suitable for approximations when one structure dominates the matrix.\n",
    "\n",
    "**Matrix M5 (Overlapping Patterns Creating Higher Rank)**\n",
    "- **Expected Structure**: Rank-3, since overlapping patterns introduce additional dimensions.\n",
    "- **Observed Results**:\n",
    "  - **Singular Value Distribution**: The SVD shows three significant singular values, reflecting the matrix’s complexity due to overlapping structures.\n",
    "  - **Pattern Approximation**: The rank-1 and rank-2 approximations provide smoothed versions of the patterns, averaging overlapping regions rather than capturing exact structure.\n",
    "- **Interpretation**: SVD handles overlapping structures by distributing representation across multiple singular values, which implies that SVD prioritizes major spatial variations over exact binary patterns in cases of complex overlap. This is useful in scenarios where a balanced approximation of multiple overlapping structures is desired.\n",
    "\n",
    "**Matrix M6 (Full Matrix with a Central Hole)**\n",
    "- **Expected Structure**: Rank-2, as the single missing element introduces additional variation across the matrix.\n",
    "- **Observed Results**:\n",
    "  - **Smooth Approximation**: The rank-1 approximation produces a nearly uniform pattern, smoothing over the central discontinuity. The central gap only begins to appear in higher-rank approximations.\n",
    "  - **Singular Value Distribution**: The largest singular value is substantial, with smaller values representing the discontinuity’s influence.\n",
    "- **Interpretation**: SVD’s smoothing over the central gap highlights its bias towards representing larger continuous structures, even when a small discontinuity exists. This characteristic can be beneficial for noise reduction, though it may obscure small structural details in low-rank approximations.\n",
    "\n",
    "\n",
    "This analysis highlights several key aspects of SVD in matrix approximation:\n",
    "1. **Dominant Patterns**: SVD captures large-scale, repeated structures in rank-1 form, effectively ignoring positional specificity for consistent row/column values.\n",
    "2. **Rank and Approximation Quality**: When multiple distinct or overlapping patterns exist, higher ranks are necessary to capture the complete structure. Rank-1 and rank-2 approximations will prioritize larger, more prominent patterns over finer details.\n",
    "3. **Smoothness vs. Precision**: SVD tends to smooth out minor discontinuities, making it suitable for noise reduction but potentially less precise in capturing sharp, isolated differences (as seen in Matrix M6).\n",
    "\n",
    "Overall, SVD’s behavior aligns well with expectations for matrices with uniform or repeated structures, where rank-1 captures the essence of the data. For matrices with distinct or overlapping patterns, higher ranks provide a more accurate representation, though low-rank approximations can still yield meaningful insights about the dominant structure."
   ]
  },
  {
   "cell_type": "markdown",
   "id": "fadf51a6",
   "metadata": {},
   "source": [
    "## 1c"
   ]
  },
  {
   "cell_type": "code",
   "execution_count": 44,
   "id": "ded47d33",
   "metadata": {
    "collapsed": false
   },
   "outputs": [
    {
     "name": "stdout",
     "output_type": "stream",
     "text": [
      "Rank-1 Approximation of M1:\n",
      "[[1. 1. 1. 0. 0.]\n",
      " [1. 1. 1. 0. 0.]\n",
      " [1. 1. 1. 0. 0.]\n",
      " [0. 0. 0. 0. 0.]\n",
      " [0. 0. 0. 0. 0.]]\n",
      "Rank-1 Approximation of M2:\n",
      "[[0. 0. 0. 0. 0.]\n",
      " [0. 2. 1. 2. 0.]\n",
      " [0. 2. 1. 2. 0.]\n",
      " [0. 2. 1. 2. 0.]\n",
      " [0. 0. 0. 0. 0.]]\n",
      "Rank-1 Approximation of M3:\n",
      "[[0. 0. 0. 0.]\n",
      " [0. 1. 1. 1.]\n",
      " [0. 1. 1. 1.]\n",
      " [0. 1. 1. 1.]\n",
      " [0. 1. 1. 1.]]\n",
      "Rank-1 Approximation of M4:\n",
      "[[1. 1. 1. 0. 0.]\n",
      " [1. 1. 1. 0. 0.]\n",
      " [1. 1. 1. 0. 0.]\n",
      " [0. 0. 0. 0. 0.]\n",
      " [0. 0. 0. 0. 0.]]\n",
      "Rank-1 Approximation of M5:\n",
      "[[0.55316953 0.55316953 0.86380344 0.55316953 0.55316953]\n",
      " [0.55316953 0.55316953 0.86380344 0.55316953 0.55316953]\n",
      " [0.86380344 0.86380344 1.34887469 0.86380344 0.86380344]\n",
      " [0.55316953 0.55316953 0.86380344 0.55316953 0.55316953]\n",
      " [0.55316953 0.55316953 0.86380344 0.55316953 0.55316953]]\n",
      "Rank-1 Approximation of M6:\n",
      "[[1.03033009 1.03033009 0.85355339 1.03033009 1.03033009]\n",
      " [1.03033009 1.03033009 0.85355339 1.03033009 1.03033009]\n",
      " [0.85355339 0.85355339 0.70710678 0.85355339 0.85355339]\n",
      " [1.03033009 1.03033009 0.85355339 1.03033009 1.03033009]\n",
      " [1.03033009 1.03033009 0.85355339 1.03033009 1.03033009]]\n"
     ]
    },
    {
     "data": {
      "text/plain": [
       "Text(0.5, 1.0, 'Rank-1 Approximation of M6')"
      ]
     },
     "execution_count": 44,
     "metadata": {},
     "output_type": "execute_result"
    },
    {
     "data": {
      "application/vnd.jupyter.widget-view+json": {
       "model_id": "af91f388920e46efbe1352fb29d1b257",
       "version_major": 2,
       "version_minor": 0
      },
